298427.396284 4137738.54576 300
298427.447727 4137738.63189 300
298427.499171 4137738.71801 300
298427.550615 4137738.80414 300
298427.602059 4137738.89026 300
298427.653502 4137738.97639 300
298427.704946 4137739.06251 300
298427.75639 4137739.14863 300
298427.807834 4137739.23476 300
298427.859277 4137739.32088 300
298427.910721 4137739.40701 300
298427.962165 4137739.49313 300
298428.013608 4137739.57925 300
298428.065052 4137739.66538 300
298428.116496 4137739.7515 300
298428.16794 4137739.83763 300
298428.219383 4137739.92375 300
298428.270827 4137740.00988 300
298428.322271 4137740.096 300
298428.373715 4137740.18212 300
298428.425158 4137740.26825 300
298428.476602 4137740.35437 300
298428.528046 4137740.4405 300
298428.579489 4137740.52662 300
298428.630933 4137740.61274 300
298428.682377 4137740.69887 300
298428.733821 4137740.78499 300
298428.785264 4137740.87112 300
298428.836708 4137740.95724 300
298428.888152 4137741.04337 300
298428.939596 4137741.12949 300
298428.991039 4137741.21561 300
298429.042483 4137741.30174 300
298429.093927 4137741.38786 300
298429.14537 4137741.47399 300
298429.196814 4137741.56011 300
298429.248258 4137741.64623 300
298429.299702 4137741.73236 300
298429.351145 4137741.81848 300
298429.402589 4137741.90461 300
298429.454033 4137741.99073 300
298429.505477 4137742.07686 300
298429.55692 4137742.16298 300
298429.608364 4137742.2491 300
298429.659808 4137742.33523 300
298429.711251 4137742.42135 300
298429.762695 4137742.50748 300
298429.814139 4137742.5936 300
298429.865583 4137742.67972 300
298429.917026 4137742.76585 300
298429.96847 4137742.85197 300
298430.019914 4137742.9381 300
298430.071358 4137743.02422 300
298430.122801 4137743.11035 300
298430.174245 4137743.19647 300
298430.225689 4137743.28259 300
298430.277132 4137743.36872 300
298430.328576 4137743.45484 300
298430.38002 4137743.54097 300
298430.431464 4137743.62709 300
298430.482907 4137743.71322 300
298430.534351 4137743.79934 300
298430.585795 4137743.88546 300
298430.637239 4137743.97159 300
298430.688682 4137744.05771 300
298430.740126 4137744.14384 300
298430.79157 4137744.22996 300
298430.843013 4137744.31608 300
298430.894457 4137744.40221 300
298430.945901 4137744.48833 300
298430.997345 4137744.57446 300
298431.048788 4137744.66058 300
298431.100232 4137744.74671 300
298431.151676 4137744.83283 300
298431.20312 4137744.91895 300
298431.254563 4137745.00508 300
298431.306007 4137745.0912 300
298431.357451 4137745.17733 300
298431.408894 4137745.26345 300
298431.460338 4137745.34957 300
298431.511782 4137745.4357 300
298431.563226 4137745.52182 300
298431.614669 4137745.60795 300
298431.666113 4137745.69407 300
298431.717557 4137745.7802 300
298431.769001 4137745.86632 300
298431.820444 4137745.95244 300
298431.871888 4137746.03857 300
298431.923332 4137746.12469 300
298431.974775 4137746.21082 300
298432.026219 4137746.29694 300
298432.077663 4137746.38306 300
298432.129107 4137746.46919 300
298432.18055 4137746.55531 300
298432.231994 4137746.64144 300
298432.283438 4137746.72756 300
298432.334882 4137746.81369 300
298432.386325 4137746.89981 300
298432.437769 4137746.98593 300
298432.489213 4137747.07206 300
298432.540656 4137747.15818 300
298432.5921 4137747.24431 300
298432.643544 4137747.33043 300
298432.694988 4137747.41655 300
298432.746431 4137747.50268 300
298432.797875 4137747.5888 300
298432.849319 4137747.67493 300
298432.900763 4137747.76105 300
298432.952206 4137747.84718 300
298433.00365 4137747.9333 300
298433.055094 4137748.01942 300
298433.106537 4137748.10555 300
298433.157981 4137748.19167 300
298433.209425 4137748.2778 300
298433.260869 4137748.36392 300
298433.312312 4137748.45005 300
298433.363756 4137748.53617 300
298433.4152 4137748.62229 300
298433.466644 4137748.70842 300
298433.518087 4137748.79454 300
298433.569531 4137748.88067 300
298433.620975 4137748.96679 300
298433.672418 4137749.05291 300
298433.723862 4137749.13904 300
298433.775306 4137749.22516 300
298433.82675 4137749.31129 300
298433.878193 4137749.39741 300
298433.929637 4137749.48354 300
298433.981081 4137749.56966 300
298434.032525 4137749.65578 300
298434.083968 4137749.74191 300
298434.135412 4137749.82803 300
298434.186856 4137749.91416 300
298434.238299 4137750.00028 300
298434.289743 4137750.0864 300
298434.341187 4137750.17253 300
298434.392631 4137750.25865 300
298434.444074 4137750.34478 300
298434.495518 4137750.4309 300
298434.546962 4137750.51703 300
298434.598406 4137750.60315 300
298434.649849 4137750.68927 300
298434.701293 4137750.7754 300
298434.752737 4137750.86152 300
298434.80418 4137750.94765 300
298434.855624 4137751.03377 300
298434.907068 4137751.11989 300
298434.958512 4137751.20602 300
298435.009955 4137751.29214 300
298435.061399 4137751.37827 300
298435.112843 4137751.46439 300
298435.164287 4137751.55052 300
298435.21573 4137751.63664 300
298435.267174 4137751.72276 300
298435.318618 4137751.80889 300
298435.370061 4137751.89501 300
298435.421505 4137751.98114 300
298435.472949 4137752.06726 300
298435.524393 4137752.15338 300
298435.575836 4137752.23951 300
298435.62728 4137752.32563 6
298435.678724 4137752.41176 6
298435.730168 4137752.49788 6
298435.781611 4137752.58401 6
298435.833055 4137752.67013 6
298435.884499 4137752.75625 6
298435.935942 4137752.84238 6
298435.987386 4137752.9285 6
298436.03883 4137753.01463 6
298436.090274 4137753.10075 6
298436.141717 4137753.18688 6
298436.193161 4137753.273 6
298436.244605 4137753.35912 6
298436.296049 4137753.44525 6
298436.347492 4137753.53137 6
298436.398936 4137753.6175 6
298436.45038 4137753.70362 6
298436.501823 4137753.78974 6
298436.553267 4137753.87587 6
298436.604711 4137753.96199 6
298436.656155 4137754.04812 6
298436.707598 4137754.13424 6
298436.759042 4137754.22037 6
298436.810486 4137754.30649 6
298436.86193 4137754.39261 6
298436.913373 4137754.47874 6
298436.964817 4137754.56486 6
298437.016261 4137754.65099 6
298437.067704 4137754.73711 6
298437.119148 4137754.82323 6
298437.170592 4137754.90936 6
298437.222036 4137754.99548 6
298437.273479 4137755.08161 6
298437.324923 4137755.16773 6
298437.376367 4137755.25386 6
298437.427811 4137755.33998 6
298437.479254 4137755.4261 6
298437.530698 4137755.51223 6
298437.582142 4137755.59835 6
298437.633585 4137755.68448 6
298437.685029 4137755.7706 6
298437.736473 4137755.85672 6
298437.787917 4137755.94285 6
298437.83936 4137756.02897 6
298437.890804 4137756.1151 6
298437.942248 4137756.20122 6
298437.993692 4137756.28735 6
298438.045135 4137756.37347 6
298438.096579 4137756.45959 6
298438.148023 4137756.54572 6
298438.199466 4137756.63184 6
298438.25091 4137756.71797 6
298438.302354 4137756.80409 6
298438.353798 4137756.89021 6
298438.405241 4137756.97634 6
298438.456685 4137757.06246 6
298438.508129 4137757.14859 6
298438.559573 4137757.23471 6
298438.611016 4137757.32084 6
298438.66246 4137757.40696 6
298438.713904 4137757.49308 6
298438.765347 4137757.57921 6
298438.816791 4137757.66533 6
298438.868235 4137757.75146 6
298438.919679 4137757.83758 6
298438.971122 4137757.92371 6
298439.022566 4137758.00983 6
298439.07401 4137758.09595 6
298439.125454 4137758.18208 6
298439.176897 4137758.2682 6
298439.228341 4137758.35433 6
298439.279785 4137758.44045 6
298439.331228 4137758.52657 6
298439.382672 4137758.6127 6
298439.434116 4137758.69882 6
298439.48556 4137758.78495 6
298439.537003 4137758.87107 6
298439.588447 4137758.9572 6
298439.639891 4137759.04332 6
298439.691335 4137759.12944 6
298439.742778 4137759.21557 6
298439.794222 4137759.30169 6
298439.845666 4137759.38782 6
298439.897109 4137759.47394 6
298439.948553 4137759.56006 6
298439.999997 4137759.64619 6
298440.051441 4137759.73231 6
298440.102884 4137759.81844 6
298440.154328 4137759.90456 6
298440.205772 4137759.99069 6
298440.257216 4137760.07681 6
298440.308659 4137760.16293 6
298440.360103 4137760.24906 6
298440.411547 4137760.33518 6
298440.46299 4137760.42131 6
298440.514434 4137760.50743 6
298440.565878 4137760.59355 6
298440.617322 4137760.67968 6
298440.668765 4137760.7658 6
298440.720209 4137760.85193 6
298440.771653 4137760.93805 6
298440.823097 4137761.02418 6
298440.87454 4137761.1103 6
298440.925984 4137761.19642 6
298440.977428 4137761.28255 6
298441.028871 4137761.36867 6
298441.080315 4137761.4548 6
298441.131759 4137761.54092 6
298441.183203 4137761.62704 6
298441.234646 4137761.71317 6
298441.28609 4137761.79929 6
298441.337534 4137761.88542 6
298441.388978 4137761.97154 6
298441.440421 4137762.05767 6
298441.491865 4137762.14379 6
298441.543309 4137762.22991 6
298441.594752 4137762.31604 6
298441.646196 4137762.40216 6
298441.69764 4137762.48829 6
298441.749084 4137762.57441 6
298441.800527 4137762.66054 6
298441.851971 4137762.74666 6
298441.903415 4137762.83278 6
298441.954859 4137762.91891 6
298442.006302 4137763.00503 6
298442.057746 4137763.09116 6
298442.10919 4137763.17728 6
298442.160633 4137763.2634 6
298442.212077 4137763.34953 6
298442.263521 4137763.43565 6
298442.314965 4137763.52178 6
298442.366408 4137763.6079 6
298442.417852 4137763.69403 6
298442.469296 4137763.78015 6
298442.52074 4137763.86627 6
298442.572183 4137763.9524 6
298442.623627 4137764.03852 6
298442.675071 4137764.12465 6
298442.726514 4137764.21077 6
298442.777958 4137764.29689 6
298442.829402 4137764.38302 6
298442.880846 4137764.46914 6
298442.932289 4137764.55527 6
298442.983733 4137764.64139 6
298443.035177 4137764.72752 6
298443.086621 4137764.81364 6
298443.138064 4137764.89976 6
298443.189508 4137764.98589 6
298443.240952 4137765.07201 6
298443.292395 4137765.15814 6
298443.343839 4137765.24426 6
298443.395283 4137765.33038 6
298443.446727 4137765.41651 6
298443.49817 4137765.50263 6
298443.549614 4137765.58876 6
298443.601058 4137765.67488 6
298443.652502 4137765.76101 6
298443.703945 4137765.84713 6
298443.755389 4137765.93325 6
298443.806833 4137766.01938 6
298443.858276 4137766.1055 6
298443.90972 4137766.19163 6
298443.961164 4137766.27775 6
298444.012608 4137766.36387 6
298444.064051 4137766.45 6
298444.115495 4137766.53612 6
298444.166939 4137766.62225 6
298444.218383 4137766.70837 6
298444.269826 4137766.7945 6
298445.82127 4137765.38062 7
298445.88236 4137765.45836 7
298445.94345 4137765.5361 7
298446.00454 4137765.61384 7
298446.06563 4137765.69158 7
298446.12672 4137765.76932 7
298446.18781 4137765.84706 7
298446.2489 4137765.9248 7
298446.30999 4137766.00254 7
298446.37108 4137766.08028 7
298446.43217 4137766.15802 7
298446.49326 4137766.23576 7
298446.55435 4137766.3135 7
298446.61544 4137766.39124 7
298446.67653 4137766.46898 7
298446.73762 4137766.54672 7
298446.79871 4137766.62446 7
298446.8598 4137766.7022 7
298446.92089 4137766.77994 7
298446.98198 4137766.85768 7
298447.04307 4137766.93542 7
298447.10416 4137767.01316 7
298447.16525 4137767.0909 7
298447.22634 4137767.16864 7
298447.28743 4137767.24638 7
298447.34852 4137767.32412 7
298447.40961 4137767.40186 7
298447.4707 4137767.4796 7
298447.53179 4137767.55734 7
298447.59288 4137767.63508 7
298447.65397 4137767.71282 7
298447.71506 4137767.79056 7
298447.77615 4137767.8683 7
298447.83724 4137767.94604 7
298447.89833 4137768.02378 7
298447.95942 4137768.10152 7
298448.02051 4137768.17926 7
298448.0816 4137768.257 7
298448.14269 4137768.33474 7
298448.20378 4137768.41248 7
298448.26487 4137768.49022 7
298448.32596 4137768.56796 7
298448.38705 4137768.6457 7
298448.44814 4137768.72344 7
298448.50923 4137768.80118 7
298448.57032 4137768.87892 7
298448.63141 4137768.95666 7
298448.6925 4137769.0344 7
298448.75359 4137769.11214 7
298448.81468 4137769.18988 7
298448.87577 4137769.26762 7
298448.93686 4137769.34536 7
298448.99795 4137769.4231 7
298449.05904 4137769.50084 7
298449.12013 4137769.57858 7
298449.18122 4137769.65632 7
298449.24231 4137769.73406 7
298449.3034 4137769.8118 7
298449.36449 4137769.88954 7
298449.42558 4137769.96728 7
298449.48667 4137770.04502 7
298449.54776 4137770.12276 7
298449.60885 4137770.2005 7
298449.66994 4137770.27824 7
298449.73103 4137770.35598 7
298449.79212 4137770.43372 7
298449.85321 4137770.51146 7
298449.9143 4137770.5892 7
298449.97539 4137770.66694 7
298450.03648 4137770.74468 7
298450.09757 4137770.82242 7
298450.15866 4137770.90016 7
298450.21975 4137770.9779 7
298450.28084 4137771.05564 7
298450.34193 4137771.13338 7
298450.40302 4137771.21112 7
298450.46411 4137771.28886 7
298450.5252 4137771.3666 7
298450.58629 4137771.44434 7
298450.64738 4137771.52208 7
298450.70847 4137771.59982 7
298450.76956 4137771.67756 7
298450.83065 4137771.7553 7
298450.89174 4137771.83304 7
298450.95283 4137771.91078 7
298451.01392 4137771.98852 7
298451.07501 4137772.06626 7
298451.1361 4137772.144 7
298451.19719 4137772.22174 7
298451.25828 4137772.29948 7
298451.31937 4137772.37722 7
298451.38046 4137772.45496 7
298451.44155 4137772.5327 7
298451.50264 4137772.61044 7
298451.56373 4137772.68818 7
298451.62482 4137772.76592 7
298451.68591 4137772.84366 7
298451.747 4137772.9214 7
298451.80809 4137772.99914 7
298451.86918 4137773.07688 7
298451.93027 4137773.15462 7
298451.99136 4137773.23236 7
298452.05245 4137773.3101 7
298452.11354 4137773.38784 7
298452.17463 4137773.46558 7
298452.23572 4137773.54332 7
298452.29681 4137773.62106 7
298452.3579 4137773.6988 7
298452.41899 4137773.77654 7
298452.48008 4137773.85428 7
298452.54117 4137773.93202 7
298452.60226 4137774.00976 7
298452.66335 4137774.0875 7
298452.72444 4137774.16524 7
298452.78553 4137774.24298 7
298452.84662 4137774.32072 7
298452.90771 4137774.39846 7
298452.9688 4137774.4762 7
298453.02989 4137774.55394 7
298453.09098 4137774.63168 7
298453.15207 4137774.70942 7
298453.21316 4137774.78716 7
298453.27425 4137774.8649 7
298453.33534 4137774.94264 7
298453.39643 4137775.02038 7
298453.45752 4137775.09812 7
298453.51861 4137775.17586 7
298453.5797 4137775.2536 7
298453.64079 4137775.33134 7
298453.70188 4137775.40908 7
298453.76297 4137775.48682 7
298453.82406 4137775.56456 7
298453.88515 4137775.6423 7
298453.94624 4137775.72004 7
298454.00733 4137775.79778 7
298454.06842 4137775.87552 7
298454.12951 4137775.95326 7
298454.1906 4137776.031 7
298454.25169 4137776.10874 7
298454.31278 4137776.18648 7
298454.37387 4137776.26422 7
298454.43496 4137776.34196 7
298454.49605 4137776.4197 7
298454.55714 4137776.49744 7
298454.61823 4137776.57518 7
298454.67932 4137776.65292 7
298454.74041 4137776.73066 7
298454.8015 4137776.8084 7
298454.86259 4137776.88614 7
298454.92368 4137776.96388 7
298454.98477 4137777.04162 7
298455.04586 4137777.11936 7
298455.10695 4137777.1971 7
298455.16804 4137777.27484 7
298455.22913 4137777.35258 7
298455.29022 4137777.43032 7
298455.35131 4137777.50806 7
298455.4124 4137777.5858 7
298455.47349 4137777.66354 7
298455.53458 4137777.74128 7
298455.59567 4137777.81902 7
298455.65676 4137777.89676 7
298455.71785 4137777.9745 7
298455.77894 4137778.05224 7
298455.84003 4137778.12998 7
298455.90112 4137778.20772 7
298455.96221 4137778.28546 7
298456.0233 4137778.3632 7
298456.08439 4137778.44094 7
298456.14548 4137778.51868 7
298456.20657 4137778.59642 7
298456.26766 4137778.67416 7
298456.32875 4137778.7519 7
298456.38984 4137778.82964 7
298456.45093 4137778.90738 7
298456.51202 4137778.98512 7
298456.57311 4137779.06286 7
298456.6342 4137779.1406 7
298456.69529 4137779.21834 7
298456.75638 4137779.29608 7
298456.81747 4137779.37382 7
298456.87856 4137779.45156 7
298456.93965 4137779.5293 7
298457.00074 4137779.60704 7
298457.06183 4137779.68478 7
298457.12292 4137779.76252 7
298457.18401 4137779.84026 7
298457.2451 4137779.918 7
298457.30619 4137779.99574 7
298457.36728 4137780.07348 7
298457.42837 4137780.15122 7
298457.48946 4137780.22896 7
298457.55055 4137780.3067 7
298457.61164 4137780.38444 7
298457.67273 4137780.46218 7
298457.73382 4137780.53992 7
298457.79491 4137780.61766 7
298457.856 4137780.6954 7
298457.91709 4137780.77314 7
298457.97818 4137780.85088 7
298458.03927 4137780.92862 7
298458.10036 4137781.00636 7
298458.16145 4137781.0841 7
298458.22254 4137781.16184 7
298458.28363 4137781.23958 7
298458.34472 4137781.31732 7
298458.40581 4137781.39506 7
298458.4669 4137781.4728 7
298458.52799 4137781.55054 7
298458.58908 4137781.62828 7
298458.65017 4137781.70602 7
298458.71126 4137781.78376 7
298458.77235 4137781.8615 7
298458.83344 4137781.93924 7
298458.89453 4137782.01698 7
298458.95562 4137782.09472 7
298459.01671 4137782.17246 7
298459.0778 4137782.2502 7
298459.13889 4137782.32794 7
298459.19998 4137782.40568 7
298459.26107 4137782.48342 7
298459.32216 4137782.56116 7
298459.38325 4137782.6389 7
298459.44434 4137782.71664 7
298459.50543 4137782.79438 7
298459.56652 4137782.87212 7
298459.62761 4137782.94986 7
298459.6887 4137783.0276 7
298459.74979 4137783.10534 7
298459.81088 4137783.18308 7
298459.87197 4137783.26082 7
298459.93306 4137783.33856 7
298459.99415 4137783.4163 7
298460.05524 4137783.49404 7
298460.11633 4137783.57178 7
298460.17742 4137783.64952 7
298460.23851 4137783.72726 7
298460.2996 4137783.805 7
298460.36069 4137783.88274 7
298460.42178 4137783.96048 7
298460.48287 4137784.03822 7
298460.54396 4137784.11596 7
298460.60505 4137784.1937 7
298460.66614 4137784.27144 7
298460.72723 4137784.34918 7
298460.78832 4137784.42692 7
298460.84941 4137784.50466 7
298460.9105 4137784.5824 7
298460.97159 4137784.66014 7
298461.03268 4137784.73788 7
298461.09377 4137784.81562 7
298461.15486 4137784.89336 7
298461.21595 4137784.9711 7
298461.27704 4137785.04884 7
298461.33813 4137785.12658 7
298461.39922 4137785.20432 7
298461.46031 4137785.28206 7
298461.5214 4137785.3598 7
298461.58249 4137785.43754 7
298461.64358 4137785.51528 7
298461.70467 4137785.59302 7
298461.76576 4137785.67076 7
298461.82685 4137785.7485 7
298461.88794 4137785.82624 7
298461.94903 4137785.90398 7
298462.01012 4137785.98172 7
298462.07121 4137786.05946 7
298462.1323 4137786.1372 7
298462.19339 4137786.21494 7
298462.25448 4137786.29268 7
298462.31557 4137786.37042 7
298462.37666 4137786.44816 7
298462.43775 4137786.5259 7
298462.49884 4137786.60364 7
298462.55993 4137786.68138 7
298462.62102 4137786.75912 7
298462.68211 4137786.83686 7
298462.7432 4137786.9146 7
298462.80429 4137786.99234 7
298462.86538 4137787.07008 7
298462.92647 4137787.14782 7
298462.98756 4137787.22556 7
298463.04865 4137787.3033 7
298463.10974 4137787.38104 7
298463.17083 4137787.45878 7
298463.23192 4137787.53652 7
298463.29301 4137787.61426 7
298463.3541 4137787.692 7
298463.41519 4137787.76974 7
298463.47628 4137787.84748 7
298463.53737 4137787.92522 7
298463.59846 4137788.00296 7
298463.65955 4137788.0807 7
298463.72064 4137788.15844 7
298463.78173 4137788.23618 7
298463.84282 4137788.31392 7
298463.90391 4137788.39166 7
298463.965 4137788.4694 7
298464.02609 4137788.54714 7
298464.08718 4137788.62488 7
298464.14827 4137788.70262 7
298464.20936 4137788.78036 7
298464.27045 4137788.8581 7
298464.33154 4137788.93584 7
298464.39263 4137789.01358 7
298464.45372 4137789.09132 7
298464.51481 4137789.16906 7
298464.5759 4137789.2468 7
298464.63699 4137789.32454 7
298464.69808 4137789.40228 7
298464.75917 4137789.48002 7
298464.82026 4137789.55776 7
298464.88135 4137789.6355 7
298464.94244 4137789.71324 7
298465.00353 4137789.79098 7
298465.06462 4137789.86872 7
298465.12571 4137789.94646 7
298465.1868 4137790.0242 7
298465.24789 4137790.10194 7
298465.30898 4137790.17968 7
298465.37007 4137790.25742 7
298465.43116 4137790.33516 7
298465.49225 4137790.4129 7
298465.55334 4137790.49064 7
298465.61443 4137790.56838 7
298465.67552 4137790.64612 7
298465.73661 4137790.72386 7
298465.7977 4137790.8016 7
298465.85879 4137790.87934 7
298465.91988 4137790.95708 7
298465.98097 4137791.03482 7
298466.04206 4137791.11256 7
298466.10315 4137791.1903 7
298466.16424 4137791.26804 7
298466.22533 4137791.34578 7
298466.28642 4137791.42352 7
298466.34751 4137791.50126 7
298466.4086 4137791.579 7
298466.46969 4137791.65674 7
298466.53078 4137791.73448 7
298466.59187 4137791.81222 7
298466.65296 4137791.88996 7
298466.71405 4137791.9677 7
298466.77514 4137792.04544 7
298466.83623 4137792.12318 7
298466.89732 4137792.20092 7
298466.95841 4137792.27866 7
298467.0195 4137792.3564 7
298467.08059 4137792.43414 7
298467.14168 4137792.51188 7
298467.20277 4137792.58962 7
298467.26386 4137792.66736 7
298467.32495 4137792.7451 7
298467.38604 4137792.82284 7
298467.44713 4137792.90058 7
298467.50822 4137792.97832 7
298467.56931 4137793.05606 7
298467.6304 4137793.1338 7
298467.69149 4137793.21154 7
298467.75258 4137793.28928 7
298467.81367 4137793.36702 7
298467.87476 4137793.44476 7
298467.93585 4137793.5225 7
298467.99694 4137793.60024 7
298468.05803 4137793.67798 7
298468.11912 4137793.75572 7
298468.18021 4137793.83346 7
298468.2413 4137793.9112 7
298468.30239 4137793.98894 7
298468.36348 4137794.06668 7
298468.42457 4137794.14442 7
298468.48566 4137794.22216 7
298468.54675 4137794.2999 7
298468.60784 4137794.37764 7
298468.66893 4137794.45538 7
298468.73002 4137794.53312 7
298468.79111 4137794.61086 7
298468.8522 4137794.6886 7
298468.91329 4137794.76634 7
298468.97438 4137794.84408 7
298469.03547 4137794.92182 7
298469.09656 4137794.99956 7
298469.15765 4137795.0773 7
298469.21874 4137795.15504 7
298469.27983 4137795.23278 7
298469.34092 4137795.31052 7
298469.40201 4137795.38826 7
298469.4631 4137795.466 7
298469.52419 4137795.54374 7
298469.58528 4137795.62148 7
298469.64637 4137795.69922 7
298469.70746 4137795.77696 7
298469.76855 4137795.8547 7
298469.82964 4137795.93244 7
298469.89073 4137796.01018 7
298469.95182 4137796.08792 7
298470.01291 4137796.16566 7
298470.074 4137796.2434 7
298470.13509 4137796.32114 7
298470.19618 4137796.39888 7
298470.25727 4137796.47662 7
298470.31836 4137796.55436 7
298470.37945 4137796.6321 7
298470.44054 4137796.70984 7
298470.50163 4137796.78758 7
298470.56272 4137796.86532 7
298470.62381 4137796.94306 7
298470.6849 4137797.0208 7
298470.74599 4137797.09854 7
298470.80708 4137797.17628 7
298470.86817 4137797.25402 7
298470.92926 4137797.33176 7
298470.99035 4137797.4095 7
298471.05144 4137797.48724 7
298471.11253 4137797.56498 7
298471.17362 4137797.64272 7
298471.23471 4137797.72046 7
298471.2958 4137797.7982 7
298471.35689 4137797.87594 7
298471.41798 4137797.95368 7
298471.47907 4137798.03142 7
298471.54016 4137798.10916 7
298471.60125 4137798.1869 7
298471.66234 4137798.26464 7
298471.72343 4137798.34238 7
298471.78452 4137798.42012 7
298444.32127 4137766.88062 8
298444.38236 4137766.95836 8
298444.44345 4137767.0361 8
298444.50454 4137767.11384 8
298444.56563 4137767.19158 8
298444.62672 4137767.26932 8
298444.68781 4137767.34706 8
298444.7489 4137767.4248 8
298444.80999 4137767.50254 8
298444.87108 4137767.58028 8
298444.93217 4137767.65802 8
298444.99326 4137767.73576 8
298445.05435 4137767.8135 8
298445.11544 4137767.89124 8
298445.17653 4137767.96898 8
298445.23762 4137768.04672 8
298445.29871 4137768.12446 8
298445.3598 4137768.2022 8
298445.42089 4137768.27994 8
298445.48198 4137768.35768 8
298445.54307 4137768.43542 8
298445.60416 4137768.51316 8
298445.66525 4137768.5909 8
298445.72634 4137768.66864 8
298445.78743 4137768.74638 8
298445.84852 4137768.82412 8
298445.90961 4137768.90186 8
298445.9707 4137768.9796 8
298446.03179 4137769.05734 8
298446.09288 4137769.13508 8
298446.15397 4137769.21282 8
298446.21506 4137769.29056 8
298446.27615 4137769.3683 8
298446.33724 4137769.44604 8
298446.39833 4137769.52378 8
298446.45942 4137769.60152 8
298446.52051 4137769.67926 8
298446.5816 4137769.757 8
298446.64269 4137769.83474 8
298446.70378 4137769.91248 8
298446.76487 4137769.99022 8
298446.82596 4137770.06796 8
298446.88705 4137770.1457 8
298446.94814 4137770.22344 8
298447.00923 4137770.30118 8
298447.07032 4137770.37892 8
298447.13141 4137770.45666 8
298447.1925 4137770.5344 8
298447.25359 4137770.61214 8
298447.31468 4137770.68988 8
298447.37577 4137770.76762 8
298447.43686 4137770.84536 8
298447.49795 4137770.9231 8
298447.55904 4137771.00084 8
298447.62013 4137771.07858 8
298447.68122 4137771.15632 8
298447.74231 4137771.23406 8
298447.8034 4137771.3118 8
298447.86449 4137771.38954 8
298447.92558 4137771.46728 8
298447.98667 4137771.54502 8
298448.04776 4137771.62276 8
298448.10885 4137771.7005 8
298448.16994 4137771.77824 8
298448.23103 4137771.85598 8
298448.29212 4137771.93372 8
298448.35321 4137772.01146 8
298448.4143 4137772.0892 8
298448.47539 4137772.16694 8
298448.53648 4137772.24468 8
298448.59757 4137772.32242 8
298448.65866 4137772.40016 8
298448.71975 4137772.4779 8
298448.78084 4137772.55564 8
298448.84193 4137772.63338 8
298448.90302 4137772.71112 8
298448.96411 4137772.78886 8
298449.0252 4137772.8666 8
298449.08629 4137772.94434 8
298449.14738 4137773.02208 8
298449.20847 4137773.09982 8
298449.26956 4137773.17756 8
298449.33065 4137773.2553 8
298449.39174 4137773.33304 8
298449.45283 4137773.41078 8
298449.51392 4137773.48852 8
298449.57501 4137773.56626 8
298449.6361 4137773.644 8
298449.69719 4137773.72174 8
298449.75828 4137773.79948 8
298449.81937 4137773.87722 8
298449.88046 4137773.95496 8
298449.94155 4137774.0327 8
298450.00264 4137774.11044 8
298450.06373 4137774.18818 8
298450.12482 4137774.26592 8
298450.18591 4137774.34366 8
298450.247 4137774.4214 8
298450.30809 4137774.49914 8
298450.36918 4137774.57688 8
298450.43027 4137774.65462 8
298450.49136 4137774.73236 8
298450.55245 4137774.8101 8
298450.61354 4137774.88784 8
298450.67463 4137774.96558 8
298450.73572 4137775.04332 8
298450.79681 4137775.12106 8
298450.8579 4137775.1988 8
298450.91899 4137775.27654 8
298450.98008 4137775.35428 8
298451.04117 4137775.43202 8
298451.10226 4137775.50976 8
298451.16335 4137775.5875 8
298451.22444 4137775.66524 8
298451.28553 4137775.74298 8
298451.34662 4137775.82072 8
298451.40771 4137775.89846 8
298451.4688 4137775.9762 8
298451.52989 4137776.05394 8
298451.59098 4137776.13168 8
298451.65207 4137776.20942 8
298451.71316 4137776.28716 8
298451.77425 4137776.3649 8
298451.83534 4137776.44264 8
298451.89643 4137776.52038 8
298451.95752 4137776.59812 8
298452.01861 4137776.67586 8
298452.0797 4137776.7536 8
298452.14079 4137776.83134 8
298452.20188 4137776.90908 8
298452.26297 4137776.98682 8
298452.32406 4137777.06456 8
298452.38515 4137777.1423 8
298452.44624 4137777.22004 8
298452.50733 4137777.29778 8
298452.56842 4137777.37552 8
298452.62951 4137777.45326 8
298452.6906 4137777.531 8
298452.75169 4137777.60874 8
298452.81278 4137777.68648 8
298452.87387 4137777.76422 8
298452.93496 4137777.84196 8
298452.99605 4137777.9197 8
298453.05714 4137777.99744 8
298453.11823 4137778.07518 8
298453.17932 4137778.15292 8
298453.24041 4137778.23066 8
298453.3015 4137778.3084 8
298453.36259 4137778.38614 8
298453.42368 4137778.46388 8
298453.48477 4137778.54162 8
298453.54586 4137778.61936 8
298453.60695 4137778.6971 8
298453.66804 4137778.77484 8
298453.72913 4137778.85258 8
298453.79022 4137778.93032 8
298453.85131 4137779.00806 8
298453.9124 4137779.0858 8
298453.97349 4137779.16354 8
298454.03458 4137779.24128 8
298454.09567 4137779.31902 8
298454.15676 4137779.39676 8
298454.21785 4137779.4745 8
298454.27894 4137779.55224 8
298454.34003 4137779.62998 8
298454.40112 4137779.70772 8
298454.46221 4137779.78546 8
298454.5233 4137779.8632 8
298454.58439 4137779.94094 8
298454.64548 4137780.01868 8
298454.70657 4137780.09642 8
298454.76766 4137780.17416 8
298454.82875 4137780.2519 8
298454.88984 4137780.32964 8
298454.95093 4137780.40738 8
298455.01202 4137780.48512 8
298455.07311 4137780.56286 8
298455.1342 4137780.6406 8
298455.19529 4137780.71834 8
298455.25638 4137780.79608 8
298455.31747 4137780.87382 8
298455.37856 4137780.95156 8
298455.43965 4137781.0293 8
298455.50074 4137781.10704 8
298455.56183 4137781.18478 8
298455.62292 4137781.26252 8
298455.68401 4137781.34026 8
298455.7451 4137781.418 8
298455.80619 4137781.49574 8
298455.86728 4137781.57348 8
298455.92837 4137781.65122 8
298455.98946 4137781.72896 8
298456.05055 4137781.8067 8
298456.11164 4137781.88444 8
298456.17273 4137781.96218 8
298456.23382 4137782.03992 8
298456.29491 4137782.11766 8
298456.356 4137782.1954 8
298456.41709 4137782.27314 8
298456.47818 4137782.35088 8
298456.53927 4137782.42862 8
298456.60036 4137782.50636 8
298456.66145 4137782.5841 8
298456.72254 4137782.66184 8
298456.78363 4137782.73958 8
298456.84472 4137782.81732 8
298456.90581 4137782.89506 8
298456.9669 4137782.9728 8
298457.02799 4137783.05054 8
298457.08908 4137783.12828 8
298457.15017 4137783.20602 8
298457.21126 4137783.28376 8
298457.27235 4137783.3615 8
298457.33344 4137783.43924 8
298457.39453 4137783.51698 8
298457.45562 4137783.59472 8
298457.51671 4137783.67246 8
298457.5778 4137783.7502 8
298457.63889 4137783.82794 8
298457.69998 4137783.90568 8
298457.76107 4137783.98342 8
298457.82216 4137784.06116 8
298457.88325 4137784.1389 8
298457.94434 4137784.21664 8
298458.00543 4137784.29438 8
298458.06652 4137784.37212 8
298458.12761 4137784.44986 8
298458.1887 4137784.5276 8
298458.24979 4137784.60534 8
298458.31088 4137784.68308 8
298458.37197 4137784.76082 8
298458.43306 4137784.83856 8
298458.49415 4137784.9163 8
298458.55524 4137784.99404 8
298458.61633 4137785.07178 8
298458.67742 4137785.14952 8
298458.73851 4137785.22726 8
298458.7996 4137785.305 8
298458.86069 4137785.38274 8
298458.92178 4137785.46048 8
298458.98287 4137785.53822 8
298459.04396 4137785.61596 8
298459.10505 4137785.6937 8
298459.16614 4137785.77144 8
298459.22723 4137785.84918 8
298459.28832 4137785.92692 8
298459.34941 4137786.00466 8
298459.4105 4137786.0824 8
298459.47159 4137786.16014 8
298459.53268 4137786.23788 8
298459.59377 4137786.31562 8
298459.65486 4137786.39336 8
298459.71595 4137786.4711 8
298459.77704 4137786.54884 8
298459.83813 4137786.62658 8
298459.89922 4137786.70432 8
298459.96031 4137786.78206 8
298460.0214 4137786.8598 8
298460.08249 4137786.93754 8
298460.14358 4137787.01528 8
298460.20467 4137787.09302 8
298460.26576 4137787.17076 8
298460.32685 4137787.2485 8
298460.38794 4137787.32624 8
298460.44903 4137787.40398 8
298460.51012 4137787.48172 8
298460.57121 4137787.55946 8
298460.6323 4137787.6372 8
298460.69339 4137787.71494 8
298460.75448 4137787.79268 8
298460.81557 4137787.87042 8
298460.87666 4137787.94816 8
298460.93775 4137788.0259 8
298460.99884 4137788.10364 8
298461.05993 4137788.18138 8
298461.12102 4137788.25912 8
298461.18211 4137788.33686 8
298461.2432 4137788.4146 8
298461.30429 4137788.49234 8
298461.36538 4137788.57008 8
298461.42647 4137788.64782 8
298461.48756 4137788.72556 8
298461.54865 4137788.8033 8
298461.60974 4137788.88104 8
298461.67083 4137788.95878 8
298461.73192 4137789.03652 8
298461.79301 4137789.11426 8
298461.8541 4137789.192 8
298461.91519 4137789.26974 8
298461.97628 4137789.34748 8
298462.03737 4137789.42522 8
298462.09846 4137789.50296 8
298462.15955 4137789.5807 8
298462.22064 4137789.65844 8
298462.28173 4137789.73618 8
298462.34282 4137789.81392 8
298462.40391 4137789.89166 8
298462.465 4137789.9694 8
298462.52609 4137790.04714 8
298462.58718 4137790.12488 8
298462.64827 4137790.20262 8
298462.70936 4137790.28036 8
298462.77045 4137790.3581 8
298462.83154 4137790.43584 8
298462.89263 4137790.51358 8
298462.95372 4137790.59132 8
298463.01481 4137790.66906 8
298463.0759 4137790.7468 8
298463.13699 4137790.82454 8
298463.19808 4137790.90228 8
298463.25917 4137790.98002 8
298463.32026 4137791.05776 8
298463.38135 4137791.1355 8
298463.44244 4137791.21324 8
298463.50353 4137791.29098 8
298463.56462 4137791.36872 8
298463.62571 4137791.44646 8
298463.6868 4137791.5242 8
298463.74789 4137791.60194 8
298463.80898 4137791.67968 8
298463.87007 4137791.75742 8
298463.93116 4137791.83516 8
298463.99225 4137791.9129 8
298464.05334 4137791.99064 8
298464.11443 4137792.06838 8
298464.17552 4137792.14612 8
298464.23661 4137792.22386 8
298464.2977 4137792.3016 8
298464.35879 4137792.37934 8
298464.41988 4137792.45708 8
298464.48097 4137792.53482 8
298464.54206 4137792.61256 8
298464.60315 4137792.6903 8
298464.66424 4137792.76804 8
298464.72533 4137792.84578 8
298464.78642 4137792.92352 8
298464.84751 4137793.00126 8
298464.9086 4137793.079 8
298464.96969 4137793.15674 8
298465.03078 4137793.23448 8
298465.09187 4137793.31222 8
298465.15296 4137793.38996 8
298465.21405 4137793.4677 8
298465.27514 4137793.54544 8
298465.33623 4137793.62318 8
298465.39732 4137793.70092 8
298465.45841 4137793.77866 8
298465.5195 4137793.8564 8
298465.58059 4137793.93414 8
298465.64168 4137794.01188 8
298465.70277 4137794.08962 8
298465.76386 4137794.16736 8
298465.82495 4137794.2451 8
298465.88604 4137794.32284 8
298465.94713 4137794.40058 8
298466.00822 4137794.47832 8
298466.06931 4137794.55606 8
298466.1304 4137794.6338 8
298466.19149 4137794.71154 8
298466.25258 4137794.78928 8
298466.31367 4137794.86702 8
298466.37476 4137794.94476 8
298466.43585 4137795.0225 8
298466.49694 4137795.10024 8
298466.55803 4137795.17798 8
298466.61912 4137795.25572 8
298466.68021 4137795.33346 8
298466.7413 4137795.4112 8
298466.80239 4137795.48894 8
298466.86348 4137795.56668 8
298466.92457 4137795.64442 8
298466.98566 4137795.72216 8
298467.04675 4137795.7999 8
298467.10784 4137795.87764 8
298467.16893 4137795.95538 8
298467.23002 4137796.03312 8
298467.29111 4137796.11086 8
298467.3522 4137796.1886 8
298467.41329 4137796.26634 8
298467.47438 4137796.34408 8
298467.53547 4137796.42182 8
298467.59656 4137796.49956 8
298467.65765 4137796.5773 8
298467.71874 4137796.65504 8
298467.77983 4137796.73278 8
298467.84092 4137796.81052 8
298467.90201 4137796.88826 8
298467.9631 4137796.966 8
298468.02419 4137797.04374 8
298468.08528 4137797.12148 8
298468.14637 4137797.19922 8
298468.20746 4137797.27696 8
298468.26855 4137797.3547 8
298468.32964 4137797.43244 8
298468.39073 4137797.51018 8
298468.45182 4137797.58792 8
298468.51291 4137797.66566 8
298468.574 4137797.7434 8
298468.63509 4137797.82114 8
298468.69618 4137797.89888 8
298468.75727 4137797.97662 8
298468.81836 4137798.05436 8
298468.87945 4137798.1321 8
298468.94054 4137798.20984 8
298469.00163 4137798.28758 8
298469.06272 4137798.36532 8
298469.12381 4137798.44306 8
298469.1849 4137798.5208 8
298469.24599 4137798.59854 8
298469.30708 4137798.67628 8
298469.36817 4137798.75402 8
298469.42926 4137798.83176 8
298469.49035 4137798.9095 8
298469.55144 4137798.98724 8
298469.61253 4137799.06498 8
298469.67362 4137799.14272 8
298469.73471 4137799.22046 8
298469.7958 4137799.2982 8
298469.85689 4137799.37594 8
298469.91798 4137799.45368 8
298469.97907 4137799.53142 8
298470.04016 4137799.60916 8
298470.10125 4137799.6869 8
298470.16234 4137799.76464 8
298470.22343 4137799.84238 8
298470.28452 4137799.92012 8
298470.34561 4137799.99786 8
298470.4067 4137800.0756 8
298470.46779 4137800.15334 8
298470.52888 4137800.23108 8
298470.58997 4137800.30882 8
298470.65106 4137800.38656 8
298470.71215 4137800.4643 8
298470.77324 4137800.54204 8
298470.83433 4137800.61978 8
298470.89542 4137800.69752 8
298470.95651 4137800.77526 8
298471.0176 4137800.853 8
298471.07869 4137800.93074 8
298471.13978 4137801.00848 8
298471.20087 4137801.08622 8
298471.26196 4137801.16396 8
298471.32305 4137801.2417 8
298471.38414 4137801.31944 8
298471.44523 4137801.39718 8
298471.50632 4137801.47492 8
298471.56741 4137801.55266 8
298471.6285 4137801.6304 8
298471.68959 4137801.70814 8
298471.75068 4137801.78588 8
298471.81177 4137801.86362 8
298471.87286 4137801.94136 8
298471.93395 4137802.0191 8
298471.99504 4137802.09684 8
298472.05613 4137802.17458 8
298472.11722 4137802.25232 8
298472.17831 4137802.33006 8
298472.2394 4137802.4078 8
298472.30049 4137802.48554 8
298472.36158 4137802.56328 8
298472.42267 4137802.64102 8
298472.48376 4137802.71876 8
298472.54485 4137802.7965 8
298472.60594 4137802.87424 8
298472.66703 4137802.95198 8
298472.72812 4137803.02972 8
298472.78921 4137803.10746 8
298472.8503 4137803.1852 8
298472.91139 4137803.26294 8
298472.97248 4137803.34068 8
298473.03357 4137803.41842 8
298473.09466 4137803.49616 8
298473.15575 4137803.5739 8
298473.21684 4137803.65164 8
298473.27793 4137803.72938 8
298473.33902 4137803.80712 8
298473.40011 4137803.88486 8
298473.4612 4137803.9626 8
298473.52229 4137804.04034 8
298473.58338 4137804.11808 8
298473.64447 4137804.19582 8
298473.70556 4137804.27356 8
298473.76665 4137804.3513 8
298473.82774 4137804.42904 8
298473.88883 4137804.50678 8
298473.94992 4137804.58452 8
298474.01101 4137804.66226 9
298474.0721 4137804.74 9
298474.13319 4137804.81774 9
298474.19428 4137804.89548 9
298474.25537 4137804.97322 9
298474.31646 4137805.05096 9
298474.37755 4137805.1287 9
298474.43864 4137805.20644 9
298474.49973 4137805.28418 9
298474.56082 4137805.36192 9
298474.62191 4137805.43966 9
298474.683 4137805.5174 9
298474.74409 4137805.59514 9
298474.80518 4137805.67288 9
298474.86627 4137805.75062 9
298474.92736 4137805.82836 9
298474.98845 4137805.9061 9
298475.04954 4137805.98384 9
298475.11063 4137806.06158 9
298475.17172 4137806.13932 9
298475.23281 4137806.21706 9
298475.2939 4137806.2948 9
298475.35499 4137806.37254 9
298475.41608 4137806.45028 9
298475.47717 4137806.52802 9
298475.53826 4137806.60576 9
298475.59935 4137806.6835 9
298475.66044 4137806.76124 10
298475.72153 4137806.83898 10
298475.78262 4137806.91672 10
298475.84371 4137806.99446 10
298475.9048 4137807.0722 10
298475.96589 4137807.14994 10
298476.02698 4137807.22768 10
298476.08807 4137807.30542 10
298476.14916 4137807.38316 10
298476.21025 4137807.4609 10
298476.27134 4137807.53864 10
298476.33243 4137807.61638 10
298476.39352 4137807.69412 10
298476.45461 4137807.77186 10
298476.5157 4137807.8496 10
298476.57679 4137807.92734 10
298476.63788 4137808.00508 10
298476.69897 4137808.08282 10
298476.76006 4137808.16056 10
298476.82115 4137808.2383 10
298476.88224 4137808.31604 10
298476.94333 4137808.39378 10
298477.00442 4137808.47152 10
298477.06551 4137808.54926 10
298477.1266 4137808.627 10
298477.18769 4137808.70474 10
298477.24878 4137808.78248 10
298477.30987 4137808.86022 10
298477.37096 4137808.93796 10
298477.43205 4137809.0157 10
298477.49314 4137809.09344 10
298477.55423 4137809.17118 10
298477.61532 4137809.24892 10
298477.67641 4137809.32666 10
298477.7375 4137809.4044 10
298477.79859 4137809.48214 10
298477.85968 4137809.55988 10
298477.92077 4137809.63762 10
298477.98186 4137809.71536 11
298478.04295 4137809.7931 11
298478.10404 4137809.87084 11
298478.16513 4137809.94858 11
298478.22622 4137810.02632 11
298478.28731 4137810.10406 11
298478.3484 4137810.1818 11
298478.40949 4137810.25954 11
298478.47058 4137810.33728 11
298478.53167 4137810.41502 11
298478.59276 4137810.49276 11
298478.65385 4137810.5705 11
298478.71494 4137810.64824 11
298478.77603 4137810.72598 11
298478.83712 4137810.80372 11
298478.89821 4137810.88146 11
298478.9593 4137810.9592 11
298479.02039 4137811.03694 11
298479.08148 4137811.11468 11
298479.14257 4137811.19242 11
298479.20366 4137811.27016 11
298479.26475 4137811.3479 11
298479.32584 4137811.42564 11
298479.38693 4137811.50338 11
298479.44802 4137811.58112 11
298479.50911 4137811.65886 11
298479.5702 4137811.7366 11
298479.63129 4137811.81434 11
298479.69238 4137811.89208 11
298479.75347 4137811.96982 11
298479.81456 4137812.04756 11
298479.87565 4137812.1253 11
298479.93674 4137812.20304 11
298479.99783 4137812.28078 11
298480.05892 4137812.35852 11
298480.12001 4137812.43626 11
298474.59466 4137801.99616 12
298474.65575 4137802.0739 12
298474.71684 4137802.15164 12
298474.77793 4137802.22938 12
298474.83902 4137802.30712 12
298474.90011 4137802.38486 12
298474.9612 4137802.4626 12
298475.02229 4137802.54034 12
298475.08338 4137802.61808 12
298475.14447 4137802.69582 12
298475.20556 4137802.77356 12
298475.26665 4137802.8513 12
298475.32774 4137802.92904 12
298475.38883 4137803.00678 12
298475.44992 4137803.08452 12
298475.51101 4137803.16226 12
298475.5721 4137803.24 12
298475.63319 4137803.31774 12
298475.69428 4137803.39548 12
298475.75537 4137803.47322 12
298475.81646 4137803.55096 12
298475.87755 4137803.6287 12
298475.93864 4137803.70644 12
298475.99973 4137803.78418 12
298476.06082 4137803.86192 12
298476.12191 4137803.93966 12
298476.183 4137804.0174 12
298476.24409 4137804.09514 12
298476.30518 4137804.17288 12
298476.36627 4137804.25062 12
298476.42736 4137804.32836 12
298476.48845 4137804.4061 12
298476.54954 4137804.48384 12
298476.61063 4137804.56158 12
298476.67172 4137804.63932 12
298476.73281 4137804.71706 12
298476.7939 4137804.7948 12
298476.85499 4137804.87254 12
298476.91608 4137804.95028 12
298476.97717 4137805.02802 12
298477.03826 4137805.10576 12
298477.09935 4137805.1835 12
298477.16044 4137805.26124 12
298477.22153 4137805.33898 12
298477.28262 4137805.41672 12
298477.34371 4137805.49446 12
298477.4048 4137805.5722 12
298477.46589 4137805.64994 12
298477.52698 4137805.72768 12
298477.58807 4137805.80542 12
298477.64916 4137805.88316 12
298477.71025 4137805.9609 12
298477.77134 4137806.03864 12
298477.83243 4137806.11638 12
298477.89352 4137806.19412 12
298477.95461 4137806.27186 12
298478.0157 4137806.3496 12
298478.07679 4137806.42734 12
298478.13788 4137806.50508 12
298478.19897 4137806.58282 12
298478.26006 4137806.66056 12
298478.32115 4137806.7383 12
298478.38224 4137806.81604 12
298478.44333 4137806.89378 12
298478.50442 4137806.97152 12
298478.56551 4137807.04926 12
298478.6266 4137807.127 12
298478.68769 4137807.20474 12
298478.74878 4137807.28248 12
298478.80987 4137807.36022 12
298478.87096 4137807.43796 12
298478.93205 4137807.5157 12
298478.99314 4137807.59344 12
298479.05423 4137807.67118 12
298479.11532 4137807.74892 12
298479.17641 4137807.82666 12
298479.2375 4137807.9044 12
298479.29859 4137807.98214 12
298479.35968 4137808.05988 12
298479.42077 4137808.13762 12
298479.48186 4137808.21536 12
298479.54295 4137808.2931 12
298479.60404 4137808.37084 12
298479.66513 4137808.44858 12
298479.72622 4137808.52632 12
298479.78731 4137808.60406 12
298479.8484 4137808.6818 12
298479.90949 4137808.75954 12
298479.97058 4137808.83728 12
298480.03167 4137808.91502 12
298480.09276 4137808.99276 12
298480.15385 4137809.0705 12
298480.21494 4137809.14824 12
298480.27603 4137809.22598 12
298480.33712 4137809.30372 12
298480.39821 4137809.38146 12
298480.4593 4137809.4592 12
298480.52039 4137809.53694 12
298480.58148 4137809.61468 12
298480.64257 4137809.69242 12
298480.70366 4137809.77016 12
298480.76475 4137809.8479 12
298480.82584 4137809.92564 12
298480.88693 4137810.00338 12
298480.94802 4137810.08112 12
298481.00911 4137810.15886 12
298481.0702 4137810.2366 12
298481.13129 4137810.31434 12
298481.19238 4137810.39208 12
298481.25347 4137810.46982 12
298481.31456 4137810.54756 12
298481.37565 4137810.6253 12
298481.43674 4137810.70304 12
298481.49783 4137810.78078 12
298481.55892 4137810.85852 12
298481.62001 4137810.93626 12
298481.6811 4137811.014 12
298481.74219 4137811.09174 12
298481.80328 4137811.16948 12
298481.86437 4137811.24722 12
298481.92546 4137811.32496 12
298481.98655 4137811.4027 12
298482.04764 4137811.48044 12
298482.10873 4137811.55818 12
298482.16982 4137811.63592 12
298482.23091 4137811.71366 12
298482.292 4137811.7914 12
298482.35309 4137811.86914 12
298482.41418 4137811.94688 12
298482.47527 4137812.02462 12
298482.53636 4137812.10236 12
298482.59745 4137812.1801 12
298482.65854 4137812.25784 12
298482.71963 4137812.33558 12
298482.78072 4137812.41332 12
298482.84181 4137812.49106 12
298482.9029 4137812.5688 12
298482.96399 4137812.64654 12
298483.02508 4137812.72428 12
298483.08617 4137812.80202 12
298483.14726 4137812.87976 12
298483.20835 4137812.9575 12
298483.26944 4137813.03524 12
298483.33053 4137813.11298 12
298483.39162 4137813.19072 12
298483.45271 4137813.26846 12
298483.5138 4137813.3462 12
298483.57489 4137813.42394 12
298483.63598 4137813.50168 12
298483.69707 4137813.57942 12
298483.75816 4137813.65716 12
298483.81925 4137813.7349 12
298483.88034 4137813.81264 12
298483.94143 4137813.89038 12
298484.00252 4137813.96812 12
298484.06361 4137814.04586 12
298484.1247 4137814.1236 12
298484.18579 4137814.20134 12
298484.24688 4137814.27908 12
298484.30797 4137814.35682 12
298484.36906 4137814.43456 12
298484.43015 4137814.5123 12
298484.49124 4137814.59004 12
298484.55233 4137814.66778 12
298484.61342 4137814.74552 12
298484.67451 4137814.82326 12
298484.7356 4137814.901 12
298484.79669 4137814.97874 12
298484.85778 4137815.05648 12
298484.91887 4137815.13422 12
298484.97996 4137815.21196 12
298485.04105 4137815.2897 12
298485.10214 4137815.36744 12
298485.16323 4137815.44518 12
298485.22432 4137815.52292 12
298485.28541 4137815.60066 12
298485.3465 4137815.6784 12
298485.40759 4137815.75614 12
298485.46868 4137815.83388 12
298485.52977 4137815.91162 12
298485.59086 4137815.98936 12
298485.65195 4137816.0671 12
298485.71304 4137816.14484 12
298485.77413 4137816.22258 12
298485.83522 4137816.30032 12
298485.89631 4137816.37806 12
298485.9574 4137816.4558 12
298486.01849 4137816.53354 12
298486.07958 4137816.61128 12
298486.14067 4137816.68902 12
298486.20176 4137816.76676 12
298486.26285 4137816.8445 12
298486.32394 4137816.92224 12
298486.38503 4137816.99998 12
298486.44612 4137817.07772 12
298486.50721 4137817.15546 12
298486.5683 4137817.2332 12
298486.62939 4137817.31094 12
298486.69048 4137817.38868 12
298486.75157 4137817.46642 12
298486.81266 4137817.54416 12
298486.87375 4137817.6219 12
298486.93484 4137817.69964 12
298486.99593 4137817.77738 12
298487.05702 4137817.85512 12
298487.11811 4137817.93286 12
298487.1792 4137818.0106 12
298487.24029 4137818.08834 12
298487.30138 4137818.16608 12
298487.36247 4137818.24382 12
298487.42356 4137818.32156 12
298487.48465 4137818.3993 12
298487.54574 4137818.47704 12
298487.60683 4137818.55478 12
298487.66792 4137818.63252 12
298487.72901 4137818.71026 12
298487.7901 4137818.788 12
298487.85119 4137818.86574 12
298487.91228 4137818.94348 12
298487.97337 4137819.02122 12
298488.03446 4137819.09896 12
298488.09555 4137819.1767 12
298488.15664 4137819.25444 12
298488.21773 4137819.33218 12
298488.27882 4137819.40992 12
298488.33991 4137819.48766 12
298488.401 4137819.5654 12
298488.46209 4137819.64314 12
298488.52318 4137819.72088 12
298488.58427 4137819.79862 12
298488.64536 4137819.87636 12
298488.70645 4137819.9541 12
298488.76754 4137820.03184 12
298488.82863 4137820.10958 12
298488.88972 4137820.18732 12
298488.95081 4137820.26506 12
298489.0119 4137820.3428 12
298489.07299 4137820.42054 12
298489.13408 4137820.49828 12
298489.19517 4137820.57602 12
298489.25626 4137820.65376 12
298489.31735 4137820.7315 12
298489.37844 4137820.80924 12
298489.43953 4137820.88698 12
298489.50062 4137820.96472 12
298489.56171 4137821.04246 12
298489.6228 4137821.1202 12
298489.68389 4137821.19794 12
298489.74498 4137821.27568 12
298489.80607 4137821.35342 12
298489.86716 4137821.43116 12
298489.92825 4137821.5089 12
298489.98934 4137821.58664 12
298490.05043 4137821.66438 12
298490.11152 4137821.74212 12
298490.17261 4137821.81986 12
298490.2337 4137821.8976 12
298490.29479 4137821.97534 12
298490.35588 4137822.05308 12
298490.41697 4137822.13082 12
298490.47806 4137822.20856 12
298490.53915 4137822.2863 12
298490.60024 4137822.36404 12
298490.66133 4137822.44178 12
298490.72242 4137822.51952 12
298490.78351 4137822.59726 12
298490.8446 4137822.675 12
298490.90569 4137822.75274 12
298490.96678 4137822.83048 12
298491.02787 4137822.90822 12
298491.08896 4137822.98596 12
298491.15005 4137823.0637 12
298491.21114 4137823.14144 12
298491.27223 4137823.21918 12
298491.33332 4137823.29692 12
298491.39441 4137823.37466 12
298491.4555 4137823.4524 12
298491.51659 4137823.53014 12
298491.57768 4137823.60788 12
298491.63877 4137823.68562 12
298491.69986 4137823.76336 12
298491.76095 4137823.8411 12
298491.82204 4137823.91884 12
298491.88313 4137823.99658 12
298491.94422 4137824.07432 12
298492.00531 4137824.15206 12
298492.0664 4137824.2298 12
298492.12749 4137824.30754 12
298492.18858 4137824.38528 12
298492.24967 4137824.46302 12
298492.31076 4137824.54076 12
298492.37185 4137824.6185 12
298492.43294 4137824.69624 12
298492.49403 4137824.77398 12
298492.55512 4137824.85172 12
298492.61621 4137824.92946 12
298492.6773 4137825.0072 12
298492.73839 4137825.08494 12
298492.79948 4137825.16268 12
298492.86057 4137825.24042 12
298492.92166 4137825.31816 12
298492.98275 4137825.3959 12
298493.04384 4137825.47364 12
298493.10493 4137825.55138 12
298493.16602 4137825.62912 12
298493.22711 4137825.70686 12
298493.2882 4137825.7846 12
298493.34929 4137825.86234 12
298493.41038 4137825.94008 12
298493.47147 4137826.01782 12
298493.53256 4137826.09556 12
298493.59365 4137826.1733 12
298493.65474 4137826.25104 12
298493.71583 4137826.32878 12
298493.77692 4137826.40652 12
298493.83801 4137826.48426 12
298493.8991 4137826.562 12
298493.96019 4137826.63974 12
298494.02128 4137826.71748 12
298494.08237 4137826.79522 12
298494.14346 4137826.87296 12
298494.20455 4137826.9507 12
298494.26564 4137827.02844 12
298494.32673 4137827.10618 12
298494.38782 4137827.18392 12
298494.44891 4137827.26166 12
298494.51 4137827.3394 12
298494.57109 4137827.41714 12
298494.63218 4137827.49488 12
298494.69327 4137827.57262 12
298494.75436 4137827.65036 12
298494.81545 4137827.7281 12
298494.87654 4137827.80584 12
298494.93763 4137827.88358 12
298494.99872 4137827.96132 12
298495.05981 4137828.03906 12
298495.1209 4137828.1168 12
298495.18199 4137828.19454 12
298495.24308 4137828.27228 12
298495.30417 4137828.35002 12
298495.36526 4137828.42776 12
298495.42635 4137828.5055 12
298495.48744 4137828.58324 12
298495.54853 4137828.66098 12
298495.60962 4137828.73872 12
298495.67071 4137828.81646 12
298495.7318 4137828.8942 12
298495.79289 4137828.97194 12
298495.85398 4137829.04968 12
298495.91507 4137829.12742 12
298495.97616 4137829.20516 12
298496.03725 4137829.2829 12
298496.09834 4137829.36064 12
298496.15943 4137829.43838 12
298496.22052 4137829.51612 12
298496.28161 4137829.59386 12
298496.3427 4137829.6716 12
298496.40379 4137829.74934 12
298496.46488 4137829.82708 12
298496.52597 4137829.90482 12
298496.58706 4137829.98256 12
298496.64815 4137830.0603 12
298496.70924 4137830.13804 12
298496.77033 4137830.21578 12
298496.83142 4137830.29352 12
298496.89251 4137830.37126 12
298496.9536 4137830.449 12
298497.01469 4137830.52674 12
298497.07578 4137830.60448 12
298497.13687 4137830.68222 12
298497.19796 4137830.75996 12
298497.25905 4137830.8377 12
298497.32014 4137830.91544 12
298497.38123 4137830.99318 12
298497.44232 4137831.07092 12
298497.50341 4137831.14866 12
298497.5645 4137831.2264 12
298497.62559 4137831.30414 12
298497.68668 4137831.38188 12
298497.74777 4137831.45962 12
298497.80886 4137831.53736 12
298497.86995 4137831.6151 12
298497.93104 4137831.69284 12
298497.99213 4137831.77058 12
298498.05322 4137831.84832 12
298498.11431 4137831.92606 12
298498.1754 4137832.0038 12
298498.23649 4137832.08154 12
298498.29758 4137832.15928 12
298498.35867 4137832.23702 12
298498.41976 4137832.31476 12
298498.48085 4137832.3925 12
298498.54194 4137832.47024 12
298498.60303 4137832.54798 12
298498.66412 4137832.62572 12
298498.72521 4137832.70346 12
298498.7863 4137832.7812 12
298498.84739 4137832.85894 12
298498.90848 4137832.93668 12
298498.96957 4137833.01442 12
298499.03066 4137833.09216 12
298499.09175 4137833.1699 12
298499.15284 4137833.24764 12
298499.21393 4137833.32538 12
298499.27502 4137833.40312 12
298499.33611 4137833.48086 12
298499.3972 4137833.5586 12
298499.45829 4137833.63634 12
298499.51938 4137833.71408 12
298499.58047 4137833.79182 12
298499.64156 4137833.86956 12
298499.70265 4137833.9473 12
298499.76374 4137834.02504 12
298499.82483 4137834.10278 12
298499.88592 4137834.18052 12
298499.94701 4137834.25826 12
298500.0081 4137834.336 12
298500.06919 4137834.41374 12
298500.13028 4137834.49148 12
298500.19137 4137834.56922 12
298500.25246 4137834.64696 12
298500.31355 4137834.7247 12
298500.37464 4137834.80244 12
298500.43573 4137834.88018 12
298500.49682 4137834.95792 12
298500.55791 4137835.03566 12
298500.619 4137835.1134 12
298500.68009 4137835.19114 12
298500.74118 4137835.26888 12
298500.80227 4137835.34662 12
298500.86336 4137835.42436 12
298500.92445 4137835.5021 12
298500.98554 4137835.57984 12
298501.04663 4137835.65758 12
298501.10772 4137835.73532 12
298501.16881 4137835.81306 12
298501.2299 4137835.8908 12
298501.29099 4137835.96854 12
298501.35208 4137836.04628 12
298501.41317 4137836.12402 12
298501.47426 4137836.20176 12
298501.53535 4137836.2795 12
298501.59644 4137836.35724 12
298501.65753 4137836.43498 12
298501.71862 4137836.51272 12
298501.77971 4137836.59046 12
298501.8408 4137836.6682 12
298501.90189 4137836.74594 12
298501.96298 4137836.82368 12
298502.02407 4137836.90142 12
298502.08516 4137836.97916 12
298502.14625 4137837.0569 12
298502.20734 4137837.13464 12
298502.26843 4137837.21238 12
298502.32952 4137837.29012 12
298502.39061 4137837.36786 12
298502.4517 4137837.4456 12
298502.51279 4137837.52334 12
298502.57388 4137837.60108 12
298502.63497 4137837.67882 12
298502.69606 4137837.75656 12
298502.75715 4137837.8343 12
298502.81824 4137837.91204 12
298502.87933 4137837.98978 12
298502.94042 4137838.06752 12
298503.00151 4137838.14526 12
298503.0626 4137838.223 12
298503.12369 4137838.30074 12
298503.18478 4137838.37848 12
298503.24587 4137838.45622 12
298503.30696 4137838.53396 12
298503.36805 4137838.6117 12
298503.42914 4137838.68944 12
298503.49023 4137838.76718 12
298503.55132 4137838.84492 12
298503.61241 4137838.92266 12
298503.6735 4137839.0004 12
298503.73459 4137839.07814 12
298503.79568 4137839.15588 12
298503.85677 4137839.23362 12
298503.91786 4137839.31136 12
298503.97895 4137839.3891 12
298504.04004 4137839.46684 12
298504.10113 4137839.54458 12
298504.16222 4137839.62232 12
298504.22331 4137839.70006 12
298504.2844 4137839.7778 12
298504.34549 4137839.85554 12
298504.40658 4137839.93328 12
298504.46767 4137840.01102 12
298504.52876 4137840.08876 12
298504.58985 4137840.1665 12
298504.65094 4137840.24424 12
298504.71203 4137840.32198 12
298504.77312 4137840.39972 12
298504.83421 4137840.47746 12
298504.8953 4137840.5552 12
298504.95639 4137840.63294 12
298505.01748 4137840.71068 12
298505.07857 4137840.78842 12
298505.13966 4137840.86616 12
298505.20075 4137840.9439 12
298505.26184 4137841.02164 12
298505.32293 4137841.09938 12
298505.38402 4137841.17712 12
298505.44511 4137841.25486 12
298505.5062 4137841.3326 12
298505.56729 4137841.41034 12
298505.62838 4137841.48808 12
298505.68947 4137841.56582 12
298505.75056 4137841.64356 12
298505.81165 4137841.7213 12
298505.87274 4137841.79904 12
298505.93383 4137841.87678 12
298505.99492 4137841.95452 12
298506.05601 4137842.03226 12
298506.1171 4137842.11 12
298506.17819 4137842.18774 12
298506.23928 4137842.26548 12
298506.30037 4137842.34322 12
298506.36146 4137842.42096 12
298506.42255 4137842.4987 12
298506.48364 4137842.57644 12
298506.54473 4137842.65418 12
298506.60582 4137842.73192 12
298506.66691 4137842.80966 12
298506.728 4137842.8874 12
298506.78909 4137842.96514 12
298506.85018 4137843.04288 12
298506.91127 4137843.12062 12
298506.97236 4137843.19836 12
298507.03345 4137843.2761 12
298507.09454 4137843.35384 12
298507.15563 4137843.43158 12
298507.21672 4137843.50932 12
298507.27781 4137843.58706 12
298507.3389 4137843.6648 12
298507.39999 4137843.74254 12
298507.46108 4137843.82028 12
298507.52217 4137843.89802 12
298507.58326 4137843.97576 12
298507.64435 4137844.0535 12
298507.70544 4137844.13124 12
298507.76653 4137844.20898 12
298507.82762 4137844.28672 12
298507.88871 4137844.36446 12
298507.9498 4137844.4422 12
298508.01089 4137844.51994 12
298508.07198 4137844.59768 12
298508.13307 4137844.67542 12
298508.19416 4137844.75316 12
298508.25525 4137844.8309 12
298508.31634 4137844.90864 12
298508.37743 4137844.98638 12
298508.43852 4137845.06412 12
298508.49961 4137845.14186 12
298508.5607 4137845.2196 12
298508.62179 4137845.29734 12
298508.68288 4137845.37508 12
298508.74397 4137845.45282 12
298508.80506 4137845.53056 12
298508.86615 4137845.6083 12
298508.92724 4137845.68604 12
298508.98833 4137845.76378 12
298509.04942 4137845.84152 12
298509.11051 4137845.91926 12
298509.1716 4137845.997 12
298509.23269 4137846.07474 12
298509.29378 4137846.15248 12
298509.35487 4137846.23022 12
298509.41596 4137846.30796 12
298509.47705 4137846.3857 12
298509.53814 4137846.46344 12
298509.59923 4137846.54118 12
298509.66032 4137846.61892 12
298509.72141 4137846.69666 12
298509.7825 4137846.7744 12
298509.84359 4137846.85214 12
298509.90468 4137846.92988 12
298509.96577 4137847.00762 12
298510.02686 4137847.08536 12
298510.08795 4137847.1631 12
298510.14904 4137847.24084 12
298510.21013 4137847.31858 12
298510.27122 4137847.39632 12
298510.33231 4137847.47406 12
298510.3934 4137847.5518 12
298510.45449 4137847.62954 12
298510.51558 4137847.70728 12
298510.57667 4137847.78502 12
298510.63776 4137847.86276 12
298510.69885 4137847.9405 12
298510.75994 4137848.01824 12
298510.82103 4137848.09598 12
298510.88212 4137848.17372 12
298510.94321 4137848.25146 12
298511.0043 4137848.3292 12
298511.06539 4137848.40694 12
298511.12648 4137848.48468 12
298511.18757 4137848.56242 12
298511.24866 4137848.64016 12
298511.30975 4137848.7179 12
298511.37084 4137848.79564 12
298511.43193 4137848.87338 12
298511.49302 4137848.95112 12
298511.55411 4137849.02886 12
298511.6152 4137849.1066 12
298511.67629 4137849.18434 12
298511.73738 4137849.26208 12
298511.79847 4137849.33982 12
298511.85956 4137849.41756 12
298511.92065 4137849.4953 12
298511.98174 4137849.57304 12
298512.04283 4137849.65078 12
298512.10392 4137849.72852 12
298512.16501 4137849.80626 12
298512.2261 4137849.884 12
298512.28719 4137849.96174 12
298512.34828 4137850.03948 12
298512.40937 4137850.11722 12
298512.47046 4137850.19496 12
298512.53155 4137850.2727 12
298512.59264 4137850.35044 12
298512.65373 4137850.42818 12
298512.71482 4137850.50592 12
298512.77591 4137850.58366 12
298512.837 4137850.6614 12
298512.89809 4137850.73914 12
298512.95918 4137850.81688 12
298513.02027 4137850.89462 12
298513.08136 4137850.97236 12
298513.14245 4137851.0501 12
298513.20354 4137851.12784 12
298513.26463 4137851.20558 12
298513.32572 4137851.28332 12
298513.38681 4137851.36106 12
298513.4479 4137851.4388 12
298513.50899 4137851.51654 12
298513.57008 4137851.59428 12
298513.63117 4137851.67202 12
298513.69226 4137851.74976 12
298513.75335 4137851.8275 12
298513.81444 4137851.90524 12
298513.87553 4137851.98298 12
298513.93662 4137852.06072 12
298513.99771 4137852.13846 12
298514.0588 4137852.2162 12
298514.11989 4137852.29394 12
298514.18098 4137852.37168 12
298514.24207 4137852.44942 12
298514.30316 4137852.52716 12
298514.36425 4137852.6049 12
298514.42534 4137852.68264 12
298514.48643 4137852.76038 12
298514.54752 4137852.83812 12
298514.60861 4137852.91586 12
298514.6697 4137852.9936 12
298514.73079 4137853.07134 12
298514.79188 4137853.14908 12
298514.85297 4137853.22682 12
298514.91406 4137853.30456 12
298514.97515 4137853.3823 12
298515.03624 4137853.46004 12
298515.09733 4137853.53778 12
298515.15842 4137853.61552 12
298480.1811 4137812.514 13
298480.24219 4137812.59174 13
298480.30328 4137812.66948 13
298480.36437 4137812.74722 13
298480.42546 4137812.82496 13
298480.48655 4137812.9027 13
298480.54764 4137812.98044 13
298480.60873 4137813.05818 13
298480.66982 4137813.13592 13
298480.73091 4137813.21366 13
298480.792 4137813.2914 13
298480.85309 4137813.36914 13
298480.91418 4137813.44688 13
298480.97527 4137813.52462 13
298481.03636 4137813.60236 13
298481.09745 4137813.6801 13
298481.15854 4137813.75784 13
298481.21963 4137813.83558 13
298481.28072 4137813.91332 13
298481.34181 4137813.99106 13
298481.4029 4137814.0688 13
298481.46399 4137814.14654 13
298481.52508 4137814.22428 13
298481.58617 4137814.30202 13
298481.64726 4137814.37976 13
298481.70835 4137814.4575 13
298481.76944 4137814.53524 13
298481.83053 4137814.61298 13
298481.89162 4137814.69072 13
298481.95271 4137814.76846 13
298482.0138 4137814.8462 13
298482.07489 4137814.92394 13
298482.13598 4137815.00168 13
298482.19707 4137815.07942 13
298482.25816 4137815.15716 13
298482.31925 4137815.2349 13
298482.38034 4137815.31264 13
298482.44143 4137815.39038 13
298482.50252 4137815.46812 13
298482.56361 4137815.54586 13
298482.6247 4137815.6236 13
298482.68579 4137815.70134 13
298482.74688 4137815.77908 13
298482.80797 4137815.85682 13
298482.86906 4137815.93456 13
298482.93015 4137816.0123 13
298482.99124 4137816.09004 13
298483.05233 4137816.16778 13
298483.11342 4137816.24552 13
298483.17451 4137816.32326 13
298483.2356 4137816.401 13
298483.29669 4137816.47874 13
298483.35778 4137816.55648 13
298483.41887 4137816.63422 13
298483.47996 4137816.71196 13
298483.54105 4137816.7897 13
298483.60214 4137816.86744 13
298483.66323 4137816.94518 13
298483.72432 4137817.02292 13
298483.78541 4137817.10066 13
298483.8465 4137817.1784 13
298483.90759 4137817.25614 13
298483.96868 4137817.33388 13
298484.02977 4137817.41162 13
298484.09086 4137817.48936 13
298484.15195 4137817.5671 13
298484.21304 4137817.64484 13
298484.27413 4137817.72258 13
298484.33522 4137817.80032 13
298484.39631 4137817.87806 13
298484.4574 4137817.9558 13
298484.51849 4137818.03354 13
298484.57958 4137818.11128 13
298484.64067 4137818.18902 13
298484.70176 4137818.26676 13
298484.76285 4137818.3445 13
298484.82394 4137818.42224 13
298484.88503 4137818.49998 13
298484.94612 4137818.57772 13
298485.00721 4137818.65546 13
298485.0683 4137818.7332 13
298485.12939 4137818.81094 13
298485.19048 4137818.88868 13
298485.25157 4137818.96642 13
298485.31266 4137819.04416 13
298485.37375 4137819.1219 13
298485.43484 4137819.19964 13
298485.49593 4137819.27738 13
298485.55702 4137819.35512 13
298485.61811 4137819.43286 13
298485.6792 4137819.5106 13
298485.74029 4137819.58834 13
298485.80138 4137819.66608 13
298485.86247 4137819.74382 13
298485.92356 4137819.82156 13
298485.98465 4137819.8993 13
298486.04574 4137819.97704 13
298486.10683 4137820.05478 13
298486.16792 4137820.13252 13
298486.22901 4137820.21026 13
298486.2901 4137820.288 13
298486.35119 4137820.36574 13
298486.41228 4137820.44348 13
298486.47337 4137820.52122 13
298486.53446 4137820.59896 13
298486.59555 4137820.6767 13
298486.65664 4137820.75444 13
298486.71773 4137820.83218 13
298486.77882 4137820.90992 13
298486.83991 4137820.98766 13
298486.901 4137821.0654 13
298486.96209 4137821.14314 13
298487.02318 4137821.22088 13
298487.08427 4137821.29862 13
298487.14536 4137821.37636 13
298487.20645 4137821.4541 13
298487.26754 4137821.53184 13
298487.32863 4137821.60958 13
298487.38972 4137821.68732 13
298487.45081 4137821.76506 13
298487.5119 4137821.8428 13
298487.57299 4137821.92054 13
298487.63408 4137821.99828 13
298487.69517 4137822.07602 13
298487.75626 4137822.15376 13
298487.81735 4137822.2315 13
298487.87844 4137822.30924 13
298487.93953 4137822.38698 13
298488.00062 4137822.46472 13
298488.06171 4137822.54246 13
298488.1228 4137822.6202 13
298488.18389 4137822.69794 13
298488.24498 4137822.77568 13
298488.30607 4137822.85342 13
298488.36716 4137822.93116 13
298488.42825 4137823.0089 13
298488.48934 4137823.08664 13
298488.55043 4137823.16438 13
298488.61152 4137823.24212 13
298488.67261 4137823.31986 13
298488.7337 4137823.3976 13
298488.79479 4137823.47534 13
298488.85588 4137823.55308 13
298488.91697 4137823.63082 13
298488.97806 4137823.70856 13
298489.03915 4137823.7863 13
298489.10024 4137823.86404 13
298489.16133 4137823.94178 13
298489.22242 4137824.01952 13
298489.28351 4137824.09726 13
298489.3446 4137824.175 13
298489.40569 4137824.25274 13
298489.46678 4137824.33048 13
298489.52787 4137824.40822 13
298489.58896 4137824.48596 13
298489.65005 4137824.5637 13
298489.71114 4137824.64144 13
298489.77223 4137824.71918 13
298489.83332 4137824.79692 13
298489.89441 4137824.87466 13
298489.9555 4137824.9524 13
298490.01659 4137825.03014 13
298490.07768 4137825.10788 13
298490.13877 4137825.18562 13
298490.19986 4137825.26336 13
298490.26095 4137825.3411 13
298490.32204 4137825.41884 13
298490.38313 4137825.49658 13
298490.44422 4137825.57432 13
298490.50531 4137825.65206 13
298490.5664 4137825.7298 13
298490.62749 4137825.80754 13
298490.68858 4137825.88528 13
298490.74967 4137825.96302 13
298490.81076 4137826.04076 13
298490.87185 4137826.1185 13
298490.93294 4137826.19624 13
298490.99403 4137826.27398 13
298491.05512 4137826.35172 13
298491.11621 4137826.42946 13
298491.1773 4137826.5072 13
298491.23839 4137826.58494 13
298491.29948 4137826.66268 13
298491.36057 4137826.74042 13
298491.42166 4137826.81816 13
298491.48275 4137826.8959 13
298491.54384 4137826.97364 13
298491.60493 4137827.05138 13
298491.66602 4137827.12912 13
298491.72711 4137827.20686 13
298491.7882 4137827.2846 13
298491.84929 4137827.36234 13
298491.91038 4137827.44008 13
298491.97147 4137827.51782 13
298492.03256 4137827.59556 13
298492.09365 4137827.6733 13
298492.15474 4137827.75104 13
298492.21583 4137827.82878 13
298492.27692 4137827.90652 13
298492.33801 4137827.98426 13
298492.3991 4137828.062 13
298492.46019 4137828.13974 13
298492.52128 4137828.21748 13
298492.58237 4137828.29522 13
298492.64346 4137828.37296 13
298492.70455 4137828.4507 13
298492.76564 4137828.52844 13
298492.82673 4137828.60618 13
298492.88782 4137828.68392 13
298492.94891 4137828.76166 13
298493.01 4137828.8394 13
298493.07109 4137828.91714 13
298493.13218 4137828.99488 13
298493.19327 4137829.07262 13
298493.25436 4137829.15036 13
298493.31545 4137829.2281 13
298493.37654 4137829.30584 13
298493.43763 4137829.38358 13
298493.49872 4137829.46132 13
298493.55981 4137829.53906 13
298493.6209 4137829.6168 13
298493.68199 4137829.69454 13
298493.74308 4137829.77228 13
298493.80417 4137829.85002 13
298493.86526 4137829.92776 13
298493.92635 4137830.0055 13
298493.98744 4137830.08324 13
298494.04853 4137830.16098 13
298494.10962 4137830.23872 13
298494.17071 4137830.31646 13
298494.2318 4137830.3942 13
298494.29289 4137830.47194 13
298494.35398 4137830.54968 13
298494.41507 4137830.62742 13
298494.47616 4137830.70516 13
298494.53725 4137830.7829 13
298494.59834 4137830.86064 13
298494.65943 4137830.93838 13
298494.72052 4137831.01612 13
298494.78161 4137831.09386 13
298494.8427 4137831.1716 13
298494.90379 4137831.24934 13
298494.96488 4137831.32708 13
298495.02597 4137831.40482 13
298495.08706 4137831.48256 13
298495.14815 4137831.5603 13
298495.20924 4137831.63804 13
298495.27033 4137831.71578 13
298495.33142 4137831.79352 13
298495.39251 4137831.87126 13
298495.4536 4137831.949 13
298495.51469 4137832.02674 13
298495.57578 4137832.10448 13
298495.63687 4137832.18222 13
298495.69796 4137832.25996 13
298495.75905 4137832.3377 13
298495.82014 4137832.41544 13
298495.88123 4137832.49318 13
298495.94232 4137832.57092 13
298496.00341 4137832.64866 13
298496.0645 4137832.7264 13
298496.12559 4137832.80414 13
298496.18668 4137832.88188 13
298496.24777 4137832.95962 13
298496.30886 4137833.03736 13
298496.36995 4137833.1151 13
298496.43104 4137833.19284 13
298496.49213 4137833.27058 13
298496.55322 4137833.34832 13
298496.61431 4137833.42606 13
298496.6754 4137833.5038 13
298496.73649 4137833.58154 13
298496.79758 4137833.65928 13
298496.85867 4137833.73702 13
298496.91976 4137833.81476 13
298496.98085 4137833.8925 13
298497.04194 4137833.97024 13
298497.10303 4137834.04798 13
298497.16412 4137834.12572 13
298497.22521 4137834.20346 13
298497.2863 4137834.2812 13
298497.34739 4137834.35894 13
298497.40848 4137834.43668 13
298497.46957 4137834.51442 13
298497.53066 4137834.59216 13
298497.59175 4137834.6699 13
298497.65284 4137834.74764 13
298497.71393 4137834.82538 13
298497.77502 4137834.90312 13
298497.83611 4137834.98086 13
298497.8972 4137835.0586 13
298497.95829 4137835.13634 13
298498.01938 4137835.21408 13
298498.08047 4137835.29182 13
298498.14156 4137835.36956 13
298498.20265 4137835.4473 13
298498.26374 4137835.52504 13
298498.32483 4137835.60278 13
298498.38592 4137835.68052 13
298498.44701 4137835.75826 13
298498.5081 4137835.836 13
298498.56919 4137835.91374 13
298498.63028 4137835.99148 13
298498.69137 4137836.06922 13
298498.75246 4137836.14696 13
298498.81355 4137836.2247 13
298498.87464 4137836.30244 13
298498.93573 4137836.38018 13
298498.99682 4137836.45792 13
298499.05791 4137836.53566 13
298499.119 4137836.6134 13
298499.18009 4137836.69114 13
298499.24118 4137836.76888 13
298499.30227 4137836.84662 13
298499.36336 4137836.92436 13
298499.42445 4137837.0021 13
298499.48554 4137837.07984 13
298499.54663 4137837.15758 13
298499.60772 4137837.23532 13
298499.66881 4137837.31306 13
298499.7299 4137837.3908 13
298499.79099 4137837.46854 13
298499.85208 4137837.54628 13
298499.91317 4137837.62402 13
298499.97426 4137837.70176 13
298500.03535 4137837.7795 13
298500.09644 4137837.85724 13
298500.15753 4137837.93498 13
298500.21862 4137838.01272 13
298500.27971 4137838.09046 13
298500.3408 4137838.1682 13
298500.40189 4137838.24594 13
298500.46298 4137838.32368 13
298500.52407 4137838.40142 13
298500.58516 4137838.47916 13
298500.64625 4137838.5569 13
298500.70734 4137838.63464 13
298500.76843 4137838.71238 13
298500.82952 4137838.79012 13
298500.89061 4137838.86786 13
298500.9517 4137838.9456 13
298501.01279 4137839.02334 13
298501.07388 4137839.10108 13
298501.13497 4137839.17882 13
298501.19606 4137839.25656 13
298501.25715 4137839.3343 13
298501.31824 4137839.41204 13
298501.37933 4137839.48978 13
298501.44042 4137839.56752 13
298501.50151 4137839.64526 13
298501.5626 4137839.723 13
298501.62369 4137839.80074 13
298501.68478 4137839.87848 13
298501.74587 4137839.95622 13
298501.80696 4137840.03396 13
298501.86805 4137840.1117 13
298501.92914 4137840.18944 13
298501.99023 4137840.26718 13
298502.05132 4137840.34492 13
298502.11241 4137840.42266 13
298502.1735 4137840.5004 13
298502.23459 4137840.57814 13
298502.29568 4137840.65588 13
298502.35677 4137840.73362 13
298502.41786 4137840.81136 13
298502.47895 4137840.8891 13
298502.54004 4137840.96684 13
298502.60113 4137841.04458 13
298502.66222 4137841.12232 13
298502.72331 4137841.20006 13
298502.7844 4137841.2778 13
298502.84549 4137841.35554 13
298502.90658 4137841.43328 13
298502.96767 4137841.51102 13
298503.02876 4137841.58876 13
298503.08985 4137841.6665 13
298503.15094 4137841.74424 13
298503.21203 4137841.82198 13
298503.27312 4137841.89972 13
298503.33421 4137841.97746 13
298503.3953 4137842.0552 13
298503.45639 4137842.13294 13
298503.51748 4137842.21068 13
298503.57857 4137842.28842 13
298503.63966 4137842.36616 13
298503.70075 4137842.4439 13
298503.76184 4137842.52164 13
298503.82293 4137842.59938 13
298503.88402 4137842.67712 13
298503.94511 4137842.75486 13
298504.0062 4137842.8326 13
298504.06729 4137842.91034 13
298504.12838 4137842.98808 13
298504.18947 4137843.06582 13
298504.25056 4137843.14356 13
298504.31165 4137843.2213 13
298504.37274 4137843.29904 13
298504.43383 4137843.37678 13
298504.49492 4137843.45452 13
298504.55601 4137843.53226 13
298504.6171 4137843.61 13
298504.67819 4137843.68774 13
298504.73928 4137843.76548 13
298504.80037 4137843.84322 13
298504.86146 4137843.92096 13
298504.92255 4137843.9987 13
298504.98364 4137844.07644 13
298505.04473 4137844.15418 13
298505.10582 4137844.23192 13
298505.16691 4137844.30966 13
298505.228 4137844.3874 13
298505.28909 4137844.46514 13
298505.35018 4137844.54288 13
298505.41127 4137844.62062 13
298505.47236 4137844.69836 13
298505.53345 4137844.7761 13
298505.59454 4137844.85384 13
298505.65563 4137844.93158 13
298505.71672 4137845.00932 13
298505.77781 4137845.08706 13
298505.8389 4137845.1648 13
298505.89999 4137845.24254 13
298505.96108 4137845.32028 13
298506.02217 4137845.39802 13
298506.08326 4137845.47576 13
298506.14435 4137845.5535 13
298506.20544 4137845.63124 13
298506.26653 4137845.70898 13
298506.32762 4137845.78672 13
298506.38871 4137845.86446 13
298506.4498 4137845.9422 13
298506.51089 4137846.01994 13
298506.57198 4137846.09768 13
298506.63307 4137846.17542 13
298506.69416 4137846.25316 13
298506.75525 4137846.3309 13
298506.81634 4137846.40864 13
298506.87743 4137846.48638 13
298506.93852 4137846.56412 13
298506.99961 4137846.64186 13
298507.0607 4137846.7196 13
298507.12179 4137846.79734 13
298507.18288 4137846.87508 13
298507.24397 4137846.95282 13
298507.30506 4137847.03056 13
298507.36615 4137847.1083 13
298507.42724 4137847.18604 13
298507.48833 4137847.26378 13
298507.54942 4137847.34152 13
298507.61051 4137847.41926 13
298507.6716 4137847.497 13
298507.73269 4137847.57474 13
298507.79378 4137847.65248 13
298507.85487 4137847.73022 13
298507.91596 4137847.80796 13
298507.97705 4137847.8857 13
298508.03814 4137847.96344 13
298508.09923 4137848.04118 13
298508.16032 4137848.11892 13
298508.22141 4137848.19666 13
298508.2825 4137848.2744 13
298508.34359 4137848.35214 13
298508.40468 4137848.42988 13
298508.46577 4137848.50762 13
298508.52686 4137848.58536 13
298508.58795 4137848.6631 13
298508.64904 4137848.74084 13
298508.71013 4137848.81858 13
298508.77122 4137848.89632 13
298508.83231 4137848.97406 13
298508.8934 4137849.0518 13
298508.95449 4137849.12954 13
298509.01558 4137849.20728 13
298509.07667 4137849.28502 13
298509.13776 4137849.36276 13
298509.19885 4137849.4405 13
298509.25994 4137849.51824 13
298509.32103 4137849.59598 13
298509.38212 4137849.67372 13
298509.44321 4137849.75146 13
298509.5043 4137849.8292 13
298509.56539 4137849.90694 13
298509.62648 4137849.98468 13
298509.68757 4137850.06242 13
298509.74866 4137850.14016 13
298509.80975 4137850.2179 13
298509.87084 4137850.29564 13
298509.93193 4137850.37338 13
298509.99302 4137850.45112 13
298510.05411 4137850.52886 13
298510.1152 4137850.6066 13
298510.17629 4137850.68434 13
298510.23738 4137850.76208 13
298510.29847 4137850.83982 13
298510.35956 4137850.91756 13
298510.42065 4137850.9953 13
298510.48174 4137851.07304 13
298510.54283 4137851.15078 13
298510.60392 4137851.22852 13
298510.66501 4137851.30626 13
298510.7261 4137851.384 13
298510.78719 4137851.46174 13
298510.84828 4137851.53948 13
298510.90937 4137851.61722 13
298510.97046 4137851.69496 13
298511.03155 4137851.7727 13
298511.09264 4137851.85044 13
298511.15373 4137851.92818 13
298511.21482 4137852.00592 13
298511.27591 4137852.08366 13
298511.337 4137852.1614 13
298511.39809 4137852.23914 13
298511.45918 4137852.31688 13
298511.52027 4137852.39462 13
298511.58136 4137852.47236 13
298511.64245 4137852.5501 13
298511.70354 4137852.62784 13
298511.76463 4137852.70558 13
298511.82572 4137852.78332 13
298511.88681 4137852.86106 13
298511.9479 4137852.9388 13
298512.00899 4137853.01654 13
298512.07008 4137853.09428 13
298512.13117 4137853.17202 13
298512.19226 4137853.24976 13
298512.25335 4137853.3275 13
298512.31444 4137853.40524 13
298512.37553 4137853.48298 13
298512.43662 4137853.56072 13
298512.49771 4137853.63846 13
298512.5588 4137853.7162 13
298512.61989 4137853.79394 13
298512.68098 4137853.87168 13
298512.74207 4137853.94942 13
298512.80316 4137854.02716 13
298512.86425 4137854.1049 13
298512.92534 4137854.18264 13
298512.98643 4137854.26038 13
298513.04752 4137854.33812 13
298513.10861 4137854.41586 13
298513.1697 4137854.4936 13
298513.23079 4137854.57134 13
298513.29188 4137854.64908 13
298513.35297 4137854.72682 13
298513.41406 4137854.80456 13
298513.47515 4137854.8823 13
298513.53624 4137854.96004 13
298513.59733 4137855.03778 13
298513.65842 4137855.11552 13
298513.71951 4137855.19326 13
298513.7806 4137855.271 13
298513.84169 4137855.34874 13
298513.90278 4137855.42648 13
298513.96387 4137855.50422 13
298514.02496 4137855.58196 13
298514.08605 4137855.6597 13
298514.14714 4137855.73744 13
298514.20823 4137855.81518 13
298514.26932 4137855.89292 13
298514.33041 4137855.97066 13
298514.3915 4137856.0484 13
298514.45259 4137856.12614 13
298514.51368 4137856.20388 13
298514.57477 4137856.28162 13
298514.63586 4137856.35936 13
298514.69695 4137856.4371 13
298514.75804 4137856.51484 13
298514.81913 4137856.59258 13
298514.88022 4137856.67032 13
298514.94131 4137856.74806 13
298515.0024 4137856.8258 13
298515.06349 4137856.90354 13
298515.12458 4137856.98128 13
298515.18567 4137857.05902 13
298515.24676 4137857.13676 13
298515.30785 4137857.2145 13
298515.36894 4137857.29224 13
298515.43003 4137857.36998 13
298515.49112 4137857.44772 13
298515.55221 4137857.52546 13
298515.6133 4137857.6032 13
298515.67439 4137857.68094 13
298515.73548 4137857.75868 13
298515.79657 4137857.83642 13
298515.85766 4137857.91416 13
298515.91875 4137857.9919 13
298515.97984 4137858.06964 13
298516.04093 4137858.14738 13
298516.10202 4137858.22512 13
298516.16311 4137858.30286 13
298516.2242 4137858.3806 13
298516.28529 4137858.45834 13
298516.34638 4137858.53608 13
298516.40747 4137858.61382 13
298516.46856 4137858.69156 13
298516.52965 4137858.7693 13
298516.59074 4137858.84704 13
298516.65183 4137858.92478 13
298516.71292 4137859.00252 13
298516.77401 4137859.08026 13
298516.8351 4137859.158 13
